7227:
874253
124658
1639157
7228:
497091
913145
796580
259518
990602
486388
7229:
1796878
1676554
685498
1118773
2265573
466453
10010:
1462925
52050
650466
1813166
2224061
815731
154626
531384
696688
1088633
639327
59938
1856669
2034703
1060588
2475682
1075860
4771:
49949
960065
898599
2566809
4772:
2105067
543019
2186832
2254234
2061623
618197
8884:
699406
265872
346520
85134
790183
1599623
514028
2371791
644825
2382631
251130
113140
1671223
2170240
1872708
2466272
1143492
2298323
685814
248058
1134683
731442
8885:
1211738
618490
1846676
2094556
214660
2358531
1668911
2041199
9370:
1756658
117858
638308
312479
808845
1780607
1261931
317197
2057619
442819
9371:
2482398
712649
62655
772959
9372:
454895
9373:
1943141